32021.8
32021.8
32021.9
32021.8
32021.9
32021.9
32022.0
32021.9
32021.7
32021.8
32021.8
32022.0
32022.2
32022.3
32022.5
32022.6
32022.8
32022.9
32023.0
32023.2
32023.4
32023.4
32023.3
32023.3
32023.4
32023.3
32023.3
32023.4
32023.3
32023.1
32023.2
32023.2
32023.1
32023.1
32023.1
32022.9
32022.9
32022.9
32022.6
32022.3
32022.4
32022.6
32022.5
32022.6
32022.7
32022.9
32022.9
32022.9
32023.1
32023.2
32023.5
32023.3
32023.2
32023.1
32023.0
32023.0
32023.0
32022.9
32022.7
32022.6
32022.6
32022.5
32022.4
32022.6
32022.5
32022.7
32022.7
32022.9
32022.8
32022.6
32022.6
32022.6
32022.4
32022.5
32022.5
32022.6
32022.7
32022.8
32023.0
32022.7
32022.5
32022.8
32022.9
32022.9
32023.1
32023.2
32023.0
32023.1
32023.3
32023.2
32023.1
32023.0
32023.2
32022.7
32022.7
32022.6
32022.8
32023.0
32022.8
32022.6
32022.7
32022.6
32022.7
32022.8
32022.7
32022.6
32022.5
32022.6
32022.8
32022.9
32023.3
32023.5
32023.6
32023.6
32023.9
32023.8
32024.0
32024.1
32024.2
32024.1
32023.8
32023.5
32023.0
32023.0
32023.0
32023.0
32022.9
32023.1
32023.6
32023.9
32024.0
32024.2
32024.5
32024.8
32024.7
32024.9
32025.2
32025.4
32025.5
32025.6
32025.6
32025.5
32025.5
32025.4
32025.3
32025.0
32024.9
32024.6
32024.5
32024.5
32024.0
32023.8
32023.7
32023.7
32023.5
32023.5
32023.3
32023.3
32023.4
32023.4
32023.2
32023.4
32023.5
32023.7
32024.0
32024.0
32024.0
32024.1
32024.0
32024.1
32023.9
32024.1
32024.2
32024.5
32025.1
32025.2
32025.5
32025.7
32025.8
32026.0
32025.8
32025.6
32025.9
32025.7
32025.3
32025.3
32025.0
32024.6
32024.9
32025.1
32024.9
32024.9
32023.9
32023.8
32023.7
32023.7
32023.8
32023.8
32023.9
32024.1
32024.2
32023.9
32023.9
32023.7
32023.8
32023.9
32023.8
32023.6
32023.5
32023.4
32023.5
32023.8
32023.7
32023.8
32024.0
32023.9
32023.8
32023.8
32023.9
32023.9
32023.9
32023.8
32023.7
32023.6
32023.9
32023.9
32023.8
32023.8
32023.6
32023.7
32023.7
32023.6
32023.5
32023.5
32023.4
32023.3
32023.4
32023.2
32024.1
32024.6
32025.0
32025.6
32026.2
32026.6
32027.0
32027.2
32027.3
32027.5
32027.4
32027.3
32027.2
32027.3
32027.1
32027.1
32027.3
32027.5
32027.8
32028.0
32028.1
32027.7
32027.8
32027.7
32027.8
32027.7
32027.5
32027.7
32027.8
32028.1
32028.1
32028.3
32028.5
32028.7
32028.9
32029.0
32028.8
32029.1
32029.3
32029.5
32029.7
32029.8
32029.8
32029.8
32030.0
32030.0
32029.9
32030.1
32030.2
32030.3
32030.2
32030.5
32030.6
32030.8
32030.9
32031.0
32031.1
32031.2
32031.2
32031.3
32031.4
32031.6
32031.5
32031.6
32031.6
32031.6
32031.8
32031.5
32031.2
32031.2
32031.1
32031.1
32031.1
32031.2
32031.2
32031.2
32031.3
32031.3
32031.2
32031.2
32031.5
32031.5
32031.5
32031.1
32031.0
32031.0
32030.8
32030.7
32030.7
32030.5
32030.5
32030.5
32030.5
32030.6
32030.6
32030.4
32030.3
32030.4
32030.5
32030.4
32030.4
32030.4
32030.4
32030.4
32030.2
32030.3
32030.2
32030.3
32030.2
32030.0
32030.0
32030.0
32030.1
32030.1
32030.0
32030.2
32030.3
32030.2
32030.2
32030.3
32030.2
32030.3
32030.2
32030.1
32030.4
32030.4
32030.3
32030.3
32030.3
32030.5
32030.5
32030.6
32030.5
32030.5
32030.6
32030.8
32030.9
32030.8
32030.8
32030.8
32030.9
32030.9
32031.0
32031.0
32031.3
32031.3
32031.6
32031.7
32031.8
32031.8
32031.9
32032.2
32032.2
32032.2
32032.4
32032.5
32032.8
32032.7
32032.8
32032.7
32032.7
32032.4
32032.5
32032.7
32032.8
32032.8
32032.9
32033.0
32032.9
32032.9
32032.9
32032.9
32033.0
32032.9
32033.0
32032.9
32032.9
32032.8
32032.6
32032.4
32032.4
32032.4
32032.5
32032.5
32032.3
32032.4
32032.5
32032.6
32032.5
32032.6
32032.6
32032.7
32032.6
32032.9
32033.2
32033.5
32033.9
32034.2
32034.5
32034.8
32034.8
32035.1
32035.0
32035.0
32035.2
32035.4
32035.4
32035.5
32035.8
32036.0
32036.0
32036.1
32036.0
32036.4
32036.5
32036.8
32037.2
32037.2
32037.5
32037.6
32037.9
32038.0
32038.2
32038.4
32038.4
32038.6
32038.6
32038.7
32038.6
32038.7
32038.8
32039.1
32039.2
32039.2
32039.2
32039.1
32039.2
32039.2
32039.3
32039.5
32039.5
32039.6
32039.6
32039.6
32039.5
32039.7
32039.7
32040.0
32040.2
32040.9
32041.0
32041.0
32041.4
32041.7
32041.8
32041.8
32042.0
32042.1
32042.2
32042.3
32042.4
32042.6
32042.8
32042.9
32043.1
32043.1
32043.4
32043.2
32043.1
32043.0
32043.0
32043.1
32043.1
32043.2
32043.3
32043.5
32043.4
32043.5
32043.4
32043.6
32043.5
32043.6
32044.0
32044.2
32044.3
32044.1
32044.2
32044.2
32044.4
32044.5
32045.0
32045.1
32045.2
32045.3
32045.5
32045.5
32045.6
32045.8
32045.9
32046.2
32046.4
32046.6
32046.8
32047.1
32047.0
32047.0
32047.1
32047.0
32046.9
32046.9
32047.0
32046.9
32046.8
32046.8
32046.8
32046.6
32046.3
32045.9
32045.6
32045.2
32045.1
32044.7
32044.5
32044.5
32044.4
32044.7
32045.0
32044.9
32045.1
32045.3
32045.4
32045.5
32045.8
32046.0
32046.2
32046.2
32046.2
32046.3
32046.6
32046.4
32046.3
32046.4
32046.2
32046.2
32046.2
32046.3
32046.6
32046.9
32046.8
32046.7
32046.9
32046.9
32046.8
32046.9
32046.9
32046.7
32046.6
32046.9
32046.7
32046.5
32046.7
32046.9
32047.0
32047.0
32046.8
32046.8
32046.8
32046.5
32046.5
32046.8
32046.5
32046.7
32046.9
32046.7
32046.8
32046.8
32046.8
32046.8
32046.9
32046.9
32046.9
32046.9
32046.7
32046.7
32046.9
32046.8
32046.7
32046.5
32046.3
32046.4
32046.2
32046.2
32046.0
32045.8
32045.6
32045.4
32045.1
32045.0
32044.9
32045.2
32044.9
32044.5
32044.4
32044.2
32044.2
32044.2
32044.3
32044.1
32043.7
32043.4
32043.8
32043.6
32043.3
32043.6
32043.7
32043.5
32043.5
32043.4
32043.1
32042.7
32042.8
32042.8
32042.4
32042.3
32042.2
32042.3
32042.3
32042.2
32042.0
32041.8
32041.9
32041.9
32042.1
32042.3
32042.7
32042.9
32042.8
32042.8
32042.8
32042.8
32042.7
32043.0
32043.2
32043.6
32043.7
32043.6
32043.4
32043.2
32042.9
32042.6
32042.7
32042.8
32042.8
32042.7
32042.6
32042.2
32041.9
32041.8
32041.7
32041.5
32041.3
32041.1
32040.9
32040.8
32040.6
32040.4
32040.1
32039.9
32039.6
32039.5
32039.2
32039.2
32039.2
32038.9
32038.8
32038.5
32038.5
32038.5
32038.4
32038.6
32038.4
32038.2
32038.5
32038.3
32038.5
32038.2
32037.8
32037.8
32037.7
32037.7
32037.8
32037.8
32037.7
32037.8
32037.8
32037.9
32037.6
32037.5
32037.4
32037.3
32037.1
32037.0
32036.8
32036.8
32036.7
32036.6
32036.2
32035.7
32035.5
32035.8
32035.9
32034.9
32034.2
32034.1
32034.3
32034.9
32035.0
32035.1
32035.1
32035.1
32035.0
32034.9
32034.7
32034.6
32034.4
32034.3
32034.1
32033.9
32034.0
32034.0
32033.7
32033.4
32033.3
32033.5
32033.6
32033.7
32034.0
32034.0
32034.0
32034.0
32034.0
32034.0
32034.0
32033.9
32034.0
32034.0
32033.8
32034.0
32034.1
32034.0
32033.8
32033.7
32033.5
32033.1
32033.0
32032.5
32031.9
32031.8
32031.6
32031.5
32031.1
32030.9
32030.7
32030.6
32030.7
32030.6
32030.7
32030.7
32031.1
32031.3
32031.5
32031.4
32031.0
32030.4
32029.6
32028.6
32028.0
32027.6
32027.1
32026.8
32026.7
32026.7
32026.9
32027.0
32027.0
32027.2
32027.3
32027.9
32028.4
32028.7
32028.7
32028.4
32028.1
32028.1
32027.9
32027.6
32027.5
32027.3
32027.2
32027.1
32027.0
32026.9
32027.0
32027.0
32026.8
32026.7
32026.4
32026.3
32026.2
32026.2
32026.3
32026.5
32026.6
32026.8
32026.9
32026.7
32026.7
32026.5
32026.4
32026.2
32026.0
32025.5
32025.4
32025.1
32024.9
32025.0
32025.0
32025.2
32025.3
32025.4
32025.7
32025.7
32025.8
32025.7
32025.5
32025.1
32024.7
32024.6
32024.7
32024.9
32025.0
32025.0
32024.6
32024.7
32024.5
32024.5
32024.5
32024.3
32023.9
32023.8
32024.2
32024.3
32024.3
32024.5
32024.4
32024.6
32024.4
32024.3
32024.1
32023.0
32023.4
32024.3
32024.4
32023.8
32023.7
32024.0
32024.1
32024.2
32024.2
32024.4
32024.1
32024.1
32023.9
32023.8
32023.7
32023.6
32023.7
32023.6
32023.5
32023.4
32023.1
32023.4
32023.0
32023.1
32022.9
32022.7
32022.5
32022.5
32022.2
32022.2
32022.0
32022.1
32022.0
32021.8
32021.9
32021.9
32021.7
32021.7
32021.7
32021.8
32021.7
32022.1
32022.0
32022.2
32022.2
32022.1
32022.1
32021.8
32021.8
32021.7
32021.5
32021.4
32021.2
32020.7
32021.0
32020.9
32020.8
32020.8
32020.9
32020.9
32020.9
32020.9
32020.9
32020.8
32020.8
32020.7
32020.7
32020.5
32020.6
32020.4
32020.3
32020.3
32020.3
32020.4
32020.3
32020.2
32020.4
32020.4
32020.4
32020.4
32020.4
32020.3
32020.3
32020.0
32019.7
32019.6
32019.4
32019.5
32019.5
32019.6
32019.3
32019.4
32019.5
32019.2
32019.1
32019.2
32019.2
32019.6
32019.7
32019.7
32019.7
32019.6
32019.9
32020.0
32019.5
32019.6
32019.6
32019.6
32019.6
32019.6
32019.9
32020.1
32020.3
32020.3
32020.3
32020.3
32020.2
32020.0
32019.9
32019.8
32019.9
32020.1
32020.1
32020.1
32020.1
32020.0
32019.9
32020.0
32020.1
32020.2
32020.1
32020.2
32020.4
32020.3
32020.2
32020.2
32020.2
32020.1
32020.0
32019.9
32019.8
32019.7
32019.7
32019.8
32019.8
32019.8
32019.7
32019.6
32019.9
32019.8
32019.8
32019.6
32019.5
32019.7
32019.7
32019.5
32019.4
32019.6
32019.6
32019.6
32019.7
32019.9
32019.8
32019.9
32019.9
32020.1
32020.0
32020.1
32020.0
32020.0
32020.3
32020.2
32020.3
32020.3
32020.3
32020.3
32020.3
32020.5
32020.5
32020.6
32020.6
32020.6
32020.4
32020.1
32020.0
32019.9
32019.5
32019.5
32019.3
32019.0
32018.5
32018.3
32018.1
32018.2
32018.2
32018.3
32018.3
32018.3
32018.4
32018.4
32018.1
32018.0
32018.0
32017.9
32017.5
32017.8
32017.9
32018.2
32018.7
32019.2
32019.3
32019.7
32020.0
32020.0
32020.2
32020.3
32020.2
32020.1
32020.0
32020.0
32019.9
32019.6
32019.3
32019.0
32018.8
32018.5
32018.2
32018.0
32017.9
32017.8
32017.7
32017.8
32017.8
32017.9
32018.0
32018.1
32017.9
32017.9
32018.1
32018.4
32018.3
32018.2
32018.2
32018.3
32018.2
32018.3
32018.3
32018.3
32018.2
32018.1
32018.2
32018.1
32018.2
32018.2
32018.2
32018.1
32018.3
32018.2
32018.2
32018.1
32018.2
32018.4
32018.4
32018.4
32018.4
32018.3
32018.5
32018.3
32018.2
32018.1
32018.0
32018.0
32017.8
32017.7
32017.5
32017.6
32017.5
32017.4
32017.3
32017.1
32017.1
32017.2
32017.1
32017.3
32017.4
32017.5
32017.5
32017.6
32017.6
32017.4
32017.5
32017.7
32017.7
32017.7
32017.8
32018.0
32018.1
32017.9
32017.9
32017.8
32017.8
32017.7
32017.6
32017.4
32017.4
32017.3
32017.1
32017.2
32017.2
32017.0
32017.1
32016.8
32016.7
32016.4
32016.4
32016.2
32016.3
32016.5
32016.6
32016.8
32017.0
32017.1
32017.0
32016.9
32016.7
32016.6
32016.6
32016.9
32016.7
32016.6
32016.6
32016.4
32016.2
32016.3
32016.4
32016.3
32016.4
32016.2
32016.1
32016.0
32015.9
32015.7
32015.7
32015.8
32015.9
32015.9
32016.0
32015.9
32015.8
32016.0
32016.3
32016.7
32016.9
32016.9
32017.1
32017.3
32017.5
32017.6
32017.7
32017.9
32018.1
32017.9
32017.9
32017.7
32017.6
32017.5
32017.5
32017.3
32017.2
32017.2
32017.4
32017.2
32017.1
32017.2
32017.2
32017.3
32017.3
32017.2
32017.0
32016.9
32017.0
32016.7
32016.6
32016.8
32016.9
32017.1
32017.4
32017.1
32016.5
32016.9
32017.2
32017.2
32016.9
32016.9
32016.9
32017.2
32017.2
32017.1
32017.2
32017.2
32016.9
32016.9
32016.9
32017.0
32016.8
32016.6
32016.7
32016.6
32016.8
32016.4
32016.6
32017.1
32016.8
32016.6
32016.4
32016.8
32016.5
32016.8
32016.5
32016.4
32016.6
32016.7
32016.4
32016.2
32016.5
32016.8
32016.4
32016.3
32016.3
32016.1
32016.1
32016.4
32016.0
32015.9
32015.9
32015.8
32015.5
32015.4
32015.4
32015.3
32015.5
32015.5
32015.2
32015.1
32015.0
32015.1
32015.0
32015.0
32015.0
32015.0
32014.8
32014.6
32014.7
32014.8
32014.7
32014.8
32014.7
32014.5
32014.5
32014.6
32014.2
32014.2
32014.2
32014.1
32015.5
32014.0
32013.8
32014.9
32014.8
32014.9
32015.7
32015.2
32014.8
32015.6
32015.7
32015.2
32015.6
32015.8
32015.9
32015.9
32015.9
32016.1
32016.3
32016.1
32016.4
32016.4
32016.2
32016.1
32016.2
32015.9
32015.9
32016.7
32015.8
32015.8
32016.2
32015.8
32016.0
32016.1
32016.3
32016.4
32017.3
32017.9
32017.3
32018.3
32018.8
32018.4
32019.2
32019.2
32019.3
32019.5
32019.6
32019.4
32019.6
32019.7
32019.5
32019.0
32019.3
32019.6
32019.0
32019.5
32019.7
32019.1
32019.3
32019.2
32018.9
32019.0
32018.9
32018.6
32018.7
32018.2
32018.2
32018.1
32017.9
32018.1
32017.9
32017.8
32017.9
32018.0
32018.0
32017.9
32017.8
32017.8
